ID	ckpt	sample_mIoU	F1@0.1	F1@0.3	F1@0.5	F1@0.7	F1@0.9	CR	FMR	CountF1	SCR	R@0.1	R@0.3	R@0.5	R@0.7	R@0.9	gt(mean)	pred(mean)	n_samples	testset
sft_7b_unav_v8_rl_rMsep2fp_lr_clip_mu2	1000	65.68	79.23	56.90	43.20	35.21	24.10	0.20	0.06	0.32	0.75	75.71	50.36	37.80	30.81	21.09	1.69	1.27	500	unav100_v2_500
sft_7b_unav_v8_rl_rMsep2fp_lr_clip_mu2	500	65.35	78.27	58.33	42.86	33.21	22.98	0.36	0.19	0.50	0.99	80.33	57.82	42.65	33.06	22.87	1.69	1.67	500	unav100_v2_500
sft_7b_unav_v8_rl_v2_rMsep_clip_mu2	2000	65.21	79.19	55.48	42.03	34.39	26.16	0.03	0.00	0.06	0.61	70.26	45.14	33.89	27.73	21.09	1.69	1.03	500	unav100_500
sft_7b_unav_v8_rl_v2_rMfp02_clip_mu2	1500	64.91	78.00	54.40	41.67	33.93	25.45	0.00	0.00	0.00	0.59	68.48	43.72	33.18	27.01	20.26	1.69	1.00	500	unav100_v2_500
sft_7b_unav_v8_rl_v2_rMsep_clip_mu2	2000	64.80	78.19	54.13	41.45	34.07	25.12	0.12	0.05	0.21	0.67	72.04	45.62	34.60	28.44	20.97	1.69	1.13	500	unav100_v2_500
sft_7b_unav_v8_rl_rMsep2fp_clip_mu2	1000	64.71	74.87	55.78	41.53	32.25	22.58	0.25	0.11	0.39	0.89	76.18	52.84	39.22	30.45	21.33	1.69	1.50	500	unav100_v2_500
sft_7b_unav_v8_rl_v2_rMsep_clip_mu2	400	64.61	74.90	54.75	40.64	32.11	23.32	0.15	0.07	0.25	0.78	72.63	49.05	36.14	28.55	20.73	1.69	1.31	500	unav100_v2_500
sft_7b_unav_v8_rl_v2_rMsep_clip_mu2	1600	64.60	77.83	54.16	41.68	34.26	25.27	0.10	0.05	0.19	0.66	71.33	45.38	34.60	28.44	20.97	1.69	1.11	500	unav100_v2_500
sft_7b_unav_v8_rl_rMsep2fp_lr_clip_mu2	200	64.58	76.95	54.59	41.29	33.45	24.23	0.15	0.06	0.25	0.72	72.27	47.39	35.55	28.79	20.85	1.69	1.22	500	unav100_v2_500
sft_7b_unav_v8_rl_v2_rMfp02_clip_mu2	1000	64.54	77.18	54.46	41.49	34.05	24.98	0.00	0.00	0.00	0.59	67.65	43.84	33.06	27.13	19.91	1.69	1.00	500	unav100_v2_500
sft_7b_unav_v8_rl_rMsep2fp_clip_mu2	500	64.43	74.93	56.20	41.37	32.52	22.68	0.24	0.13	0.38	0.90	76.18	53.44	39.34	30.92	21.56	1.69	1.52	500	unav100_v2_500
sft_7b_unav_v8_rl_rMsep2fp_clip_mu2	200	64.26	71.11	51.69	37.63	29.93	21.87	0.14	0.08	0.24	0.94	73.82	50.36	36.49	29.03	21.21	1.69	1.59	500	unav100_v2_500
sft_7b_unav_v8_rl_v2_rMsep_clip_mu2	1000	64.17	77.18	53.59	40.26	33.40	25.12	0.10	0.05	0.17	0.66	70.73	44.91	33.41	27.73	20.85	1.69	1.11	500	unav100_v2_500
sft_7b_unav_v8_rl_v2_rMsep_clip_mu2	600	64.14	76.91	54.94	41.70	33.08	24.33	0.18	0.08	0.30	0.73	72.75	47.87	36.14	28.67	21.09	1.69	1.24	500	unav100_v2_500
sft_7b_unav_v8_rl_v2_rM_fp02	400	63.96	76.64	53.10	40.62	33.48	24.85	0.00	0.00	0.00	0.59	67.18	42.77	32.35	26.66	19.79	1.69	1.00	500	unav100_v2_500
sft_7b_unav_v8_rl_v2_rM_fp02	500	63.95	76.64	53.25	40.62	33.48	24.85	0.00	0.00	0.00	0.59	67.18	42.89	32.35	26.66	19.79	1.69	1.00	500	unav100_v2_500
sft_7b_unav_v8_rl_v2_rM_fp02	300	63.93	76.64	53.25	40.48	33.48	24.85	0.00	0.00	0.00	0.59	67.18	42.89	32.23	26.66	19.79	1.69	1.00	500	unav100_v2_500
sft_7b_unav_v8_rl_v2_rMsep2_batch4	200	63.87	71.79	52.66	37.61	29.02	21.04	0.19	0.10	0.32	0.96	75.24	51.78	36.85	28.44	20.62	1.69	1.62	500	unav100_v2_500
sft_7b_unav_v8_rl_v2_rM_fp02	200	63.71	76.65	52.91	40.59	32.71	24.68	0.00	0.00	0.00	0.59	67.30	42.65	32.35	26.07	19.67	1.69	1.00	500	unav100_v2_500
sft_7b_unav_v8_rl_rMsep2fp_lr_clip_mu2	100	63.58	64.17	47.34	34.63	27.40	19.51	0.11	0.10	0.20	0.86	73.10	51.18	37.44	29.62	21.09	1.69	1.96	500	unav100_v2_500
sft_7b_unav_v8_rl_rMsep2fp_lr_clip_mu2_mlp_headoff	1000	63.57	76.26	53.90	40.15	31.37	22.65	0.23	0.10	0.37	0.85	75.14	50.27	37.08	29.00	20.93	1.71	1.45	3455	unav100_tail
sft_7b_unav_v8_rl_v2_rMsep_clip_mu2	200	63.03	58.34	42.53	31.41	25.02	17.75	0.11	0.12	0.20	0.73	72.51	50.47	37.32	29.74	21.09	1.69	2.32	500	unav100_v2_500
sft_7b_unav_v8_rl_v2_rM_fp02	100	62.84	67.56	50.13	37.64	30.14	22.14	0.06	0.03	0.12	0.92	69.79	48.58	36.26	29.03	21.33	1.69	1.56	500	unav100_v2_500
sft_7b_unav_v8_rl_rMsep2fp_lr_clip_mu2_mlp_headoff_unpucha_batch4	800	62.66	77.17	53.83	40.65	31.80	23.25	0.14	0.05	0.24	0.69	70.32	45.70	34.23	26.87	19.68	1.70	1.18	3000	unav100_tail
sft_7b_unav_v8_rl_rMsep2fp_lr_clip_mu2	500	62.64	75.39	54.69	40.88	31.48	22.41	0.23	0.09	0.37	0.87	74.73	51.32	38.12	29.36	20.90	1.71	1.48	3455	unav100_tail
sft_7b_unav_v8_rl_rMsep2fp_lr_clip_mu2	700	62.63	76.68	54.68	42.11	33.17	24.07	0.12	0.03	0.21	0.68	69.58	46.54	35.46	27.93	20.27	1.71	1.17	3455	unav100_tail
sft_7b_unav_v8_rl_rMsep2fp_lr_clip_mu2	1000	62.54	76.23	53.51	40.55	32.71	24.11	0.06	0.01	0.12	0.64	68.17	44.47	33.24	26.81	19.76	1.71	1.09	3455	unav100
sft_7b_unav_v8_rl_v2_rMsep_clip_mu2	2000	62.46	76.46	54.56	41.60	33.75	24.87	0.00	0.01	0.00	0.60	66.71	44.08	33.29	27.01	19.91	1.69	1.01	500	unav100_v0_500
sft_7b_unav_v8_rl_v2_rMsep2_batch4	100	62.25	53.14	36.35	26.08	20.25	14.51	0.10	0.18	0.17	0.53	77.01	52.37	37.68	29.27	20.97	1.69	3.19	500	unav100_v2_500
sft_7b_unav_v8_rl_rMsep2fp_clip_mu2	100	62.22	49.83	34.76	25.33	19.90	14.22	0.07	0.16	0.13	0.51	74.76	51.30	37.56	29.50	21.09	1.69	3.32	500	unav100_v2_500
sft_7b_unav_v8_rl_rMsep3_unpucha_batch4_noscaling	2000	62.22	75.15	55.28	40.43	27.72	14.30	0.60	0.69	0.41	0.80	81.92	60.78	45.31	31.12	16.07	1.71	2.13	3455	unav100_titok
sft_7b_unav_v8_rl_rMsep2fp_lr_clip_mu2_mlp_headoff_unpu	1000	62.11	78.69	58.34	43.29	32.28	21.23	0.27	0.12	0.41	0.78	72.73	51.64	38.46	28.68	18.86	1.71	1.33	3455	unav100_tail
sft_7b_unav_v8_rl_rMsep2fp_lr_clip_mu2_mlp_headoff	1000	61.93	75.87	53.62	40.00	29.70	21.32	0.31	0.22	0.44	0.91	76.91	51.21	38.05	28.28	20.31	1.71	1.55	1500	unav100_titok
sft_7b_unav_v8_rl_v2_rMsep2_clip_mu2	100	61.85	49.01	33.30	24.01	18.65	13.14	0.07	0.19	0.12	0.47	76.18	52.01	37.68	29.27	20.62	1.69	3.61	500	unav100_v2_500
sft_7b_unav_v8_rl_v2_rMsep_clip_mu2	2000	61.82	76.02	52.85	39.44	30.74	22.86	0.04	0.01	0.08	0.61	67.27	43.16	31.88	24.84	18.48	1.71	1.05	1500	unav100
sft_7b_unav_v8_rl_v2_rMsep2_batch4	200	61.66	66.04	48.09	35.87	28.21	20.18	0.02	0.04	0.05	0.95	69.79	47.27	34.95	27.49	19.67	1.69	1.60	500	unav100_v0_500
sft_7b_unav_v8_rl_rMsep2fp_lr_clip_mu2_mlp_headoff_unpucha_batch4	1000	60.56	77.90	55.46	39.78	26.81	15.69	0.59	0.64	0.44	0.91	78.22	54.73	40.71	27.82	16.42	1.75	1.92	500	unav100_titok
sft_7b_unpucha_v8_rl_rMsep3_unpucha_batch4_noscaling_ttifix_nolocal	1000	59.14	69.52	52.62	39.00	27.62	16.92	0.64	0.89	0.19	0.78	73.19	55.31	41.22	28.80	17.19	1.71	2.18	3455	unav100_titok
sft_7b_unpucha_v8_rl_rMsep3_unpucha_batch4_noscaling_ttifix_noprecision	1000	58.98	73.66	53.65	38.04	22.94	12.72	0.64	0.93	0.13	0.81	76.31	54.41	40.86	24.37	13.39	1.71	2.12	3455	unav100_titok
sft_7b_unpucha_v8_rl_rMsep3_unpucha_batch4_noscaling_ttifix_noglobal	1000	58.72	73.74	54.77	39.29	26.33	15.29	0.63	0.78	0.33	0.83	76.02	57.17	42.07	28.12	16.25	1.71	2.06	3455	unav100_titok
sft_7b_unav_v8_rl_rMsep2fp_lr_clip_mu2_off	700	52.15	71.56	51.32	38.18	26.07	8.47	0.22	0.06	0.35	0.73	65.88	44.53	32.92	22.47	7.31	1.71	1.24	3455	unav100_tail
sft_7b_unav_v8_rl_rMsep3_unpucha_batch4_noscaling_ttioff	1000	51.60	72.76	51.93	38.05	24.03	8.21	0.66	0.99	0.01	0.85	67.39	45.69	34.10	22.10	8.07	1.71	2.00	3455	unav100_titok
sft_7b_unav_v8_rl_rMsep3_unpucha_batch4_noscaling	1800	46.72	85.90	71.30	47.65	24.30	4.30	-	0.00	-	1.00	85.90	71.30	47.65	24.30	4.30	1.00	1.00	2000	charades_rlp_noaudio
sft_7b_unav_v8_rl_rMsep3_unpucha_batch4_noscaling	1600	46.33	87.48	71.28	45.92	22.68	4.52	-	0.00	-	1.00	87.48	71.28	45.92	22.68	4.52	1.00	1.00	2500	charades_rlp_noaudio
sft_7b_unav_v8_rl_rMsep3_unpucha_batch4_noscaling	2000	45.71	83.35	68.60	46.65	24.05	4.75	-	0.00	-	1.00	83.35	68.60	46.65	24.05	4.75	1.00	1.00	2000	charades_rlp_noaudio
sft_7b_unav_v8_rl_rMsep2fp_lr_clip_mu2	700	44.46	67.39	48.06	34.32	19.71	3.74	0.04	0.01	0.08	0.62	57.63	39.06	27.79	15.96	3.03	1.68	1.04	864	unav100_tail_noaudio_s2
sft_7b_unav_v8_rl_rMsep2fp_lr_clip_mu2	700	43.64	67.54	47.09	32.33	18.03	4.66	0.04	0.01	0.08	0.62	57.69	38.21	26.11	14.56	3.76	1.69	1.04	864	unav100_tail_noaudio_s1
sft_7b_unav_v8_rl_v2_rM_fp02	100	42.67	67.11	48.39	32.69	13.79	1.14	0.11	0.03	0.20	0.67	59.00	40.28	27.25	11.49	0.95	1.69	1.13	500	unav100_v2_500
sft_7b_unav_v8_rl_rMsep2fp_lr_clip_mu2	700	42.28	65.65	44.94	31.31	17.91	4.00	-	-	-	0.61	55.77	36.37	25.20	14.42	3.22	1.71	1.04	864	unav100_tail_noaudio
sft_7b_unav_v8_rl_rMsep2fp_lr_clip_mu2	700	41.51	64.60	42.11	30.09	17.37	3.74	0.03	0.02	0.05	0.59	54.12	33.86	24.04	13.88	2.99	1.75	1.04	863	unav100_tail_noaudio_s3
sft_7b_unav_v8_rl_rMsep3_unpucha_batch4_noscaling	2000	40.46	67.41	44.06	24.02	9.22	1.60	0.45	0.47	0.49	0.91	61.22	41.58	22.93	8.80	1.53	1.71	1.55	3455	unav100_noaudio
sft_7b_unav_v8_rl_rMsep2fp_lr_clip_mu2	700	39.51	63.08	42.52	28.48	16.51	3.88	0.05	0.01	0.09	0.61	53.62	34.33	22.88	13.27	3.11	1.71	1.04	864	unav100_tail_noaudio_s0
sft_7b_unav_v8_rl_rMsep2fp_lr_clip_mu2_mlp_headoff_unpucha_batch4	800	38.69	86.65	62.29	31.29	11.23	2.20	-	0.00	-	1.00	86.67	62.30	31.30	11.23	2.20	1.00	1.00	3000	charades_rlp_audio
sft_7b_unav_v8_rl_rMsep2fp_lr_clip_mu2_mlp_headoff_unpu	1000	36.00	80.93	57.49	28.19	10.80	1.61	-	0.06	-	0.93	83.44	59.52	29.19	11.18	1.67	1.00	1.07	1860	charades_rlp_audio_s0
sft_7b_unav_v8_rl_rMsep2fp_lr_clip_mu2_mlp_headoff_unpu	1000	35.30	80.05	56.04	27.54	11.01	1.85	-	0.06	-	0.93	82.34	57.85	28.44	11.37	1.91	1.00	1.07	3720	charades_rlp_audio
sft_7b_unav_v8_rl_rMsep2fp_lr_clip_mu2_mlp_headoff_unpu	1000	34.60	79.17	54.58	26.90	11.23	2.09	-	0.05	-	0.94	81.24	56.18	27.69	11.56	2.15	1.00	1.06	1860	charades_rlp_audio_s1
sft_7b_unav_v8_rl_rMsep2fp_lr_clip_mu2_mlp_headoff_unpu	1000	34.56	72.39	49.79	29.45	15.84	5.17	-	0.00	-	1.00	72.43	49.83	29.49	15.86	5.17	1.00	1.00	3500	longvale_tail_g0
sft_7b_unav_v8_rl_rMsep2fp_lr_clip_mu2	700	34.24	87.78	53.61	19.44	6.67	0.89	-	0.04	-	0.94	90.32	55.27	20.05	6.88	0.91	1.00	1.06	1860	charades_rlp_noaudio_s0
sft_7b_unav_v8_rl_rMsep2fp_lr_clip_mu2	700	34.24	87.78	53.61	19.44	6.67	0.89	-	0.04	-	0.94	90.32	55.27	20.05	6.88	0.91	1.00	1.06	1860	charades_rlp_audio_s0
sft_7b_unav_v8_rl_rMsep2fp_lr_clip_mu2	700	33.89	86.83	51.95	19.74	7.19	1.09	-	0.05	-	0.93	89.68	53.79	20.46	7.45	1.13	1.00	1.07	3720	charades_rlp_noaudio
sft_7b_unav_v8_rl_rMsep2fp_lr_clip_mu2	700	33.89	86.83	51.95	19.74	7.19	1.09	-	0.05	-	0.93	89.68	53.79	20.46	7.45	1.13	1.00	1.07	3720	charades_rlp_audio
sft_7b_unav_v8_rl_rMsep2fp_lr_clip_mu2	700	33.53	85.89	50.30	20.04	7.69	1.29	-	0.05	-	0.93	89.03	52.31	20.86	8.01	1.34	1.00	1.08	1860	charades_rlp_noaudio_s1
sft_7b_unav_v8_rl_rMsep2fp_lr_clip_mu2	700	33.53	85.89	50.30	20.04	7.69	1.29	-	0.05	-	0.93	89.03	52.31	20.86	8.01	1.34	1.00	1.08	1860	charades_rlp_audio_s1
sft_7b_unav_v8_rl_rMsep2fp_lr_clip_mu2	700	20.48	42.52	28.25	17.09	9.02	2.47	-	0.02	-	0.95	43.33	28.93	17.56	9.27	2.53	1.00	1.05	4500	longvale_tail_g0
sft_7b_unav_v8_rl_rMsep2fp_lr_clip_mu2_mlp_headoff_unpu	1000	19.21	47.50	25.50	14.45	6.90	1.75	-	0.00	-	1.00	47.50	25.50	14.45	6.90	1.75	1.00	1.00	2000	longvale_tail_g1
sft_7b_unav_v8_rl_rMsep2fp_lr_clip_mu2	700	12.79	28.02	17.84	10.06	4.91	1.18	-	0.01	-	0.93	28.81	18.44	10.42	5.08	1.22	1.00	1.07	13867	longvale_tail
sft_7b_unav_v8_rl_rMsep2fp_lr_clip_mu2	700	11.08	24.50	15.31	8.63	3.96	0.71	-	0.02	-	0.91	25.54	16.11	9.09	4.17	0.74	1.00	1.10	3500	longvale_tail_g1
sft_7b_unav_v8_rl_rMsep2fp_lr_clip_mu2	700	8.23	20.13	11.73	5.65	2.26	0.55	-	0.01	-	0.94	20.73	12.10	5.83	2.33	0.57	1.00	1.06	3000	longvale_tail_g1b
sft_7b_unav_v8_rl_rMsep2fp_lr_clip_mu2	700	8.19	19.30	12.14	6.09	2.74	0.48	-	0.01	-	0.96	19.60	12.37	6.20	2.79	0.49	1.00	1.04	2434	longvale_tail_g0b
